function vaporfraction = vlewaterethanol2(liquidfraction)
% Program currently only works for the ethanol output of ethanol/water VLE.

% % VLE=[ liq eth, liq water, vap eth, vap water]
% vle=[1.0000         0    1.0000         0
%     0.9900    0.0100    0.9888    0.0112
%     0.9800    0.0200    0.9780    0.0220
%     0.9700    0.0300    0.9673    0.0327
%     0.9600    0.0400    0.9570    0.0430
%     0.9400    0.0600    0.9369    0.0631
%     0.9200    0.0800    0.9178    0.0822
%     0.9000    0.1000    0.8996    0.1004
%     0.8500    0.1500    0.8575    0.1425
%     0.8000    0.2000    0.8198    0.1802
%     0.7500    0.2500    0.7858    0.2142
%     0.7000    0.3000    0.7552    0.2448
%     0.6500    0.3500    0.7274    0.2726
%     0.6000    0.4000    0.7022    0.2978
%     0.5500    0.4500    0.6790    0.3210
%     0.5000    0.5000    0.6576    0.3424
%     0.4500    0.5500    0.6376    0.3624
%     0.4000    0.6000    0.6186    0.3814
%     0.3500    0.6500    0.6000    0.4000
%     0.3000    0.7000    0.5808    0.4192
%     0.2500    0.7500    0.5598    0.4402
%     0.2000    0.8000    0.5344    0.4656
%     0.1500    0.8500    0.4996    0.5004
%     0.1000    0.9000    0.4441    0.5559
%     0.0800    0.9200    0.4101    0.5899
%     0.0600    0.9400    0.3638    0.6362
%     0.0400    0.9600    0.2967    0.7033
%     0.0300    0.9700    0.2505    0.7495
%     0.0200    0.9800    0.1911    0.8089
%     0.0100    0.9900    0.1116    0.8884
%          0    1.0000         0    1.0000];
% x1=vle(:,1); x2=vle(:,2); y1=vle(:,3); y2=vle(:,4);
% 
% [fit1,gof1]=fit(x1,y1,'poly9');

% figure(2)
% clf
% plot(fit1,x1,y1)
% hold on
% plot(xhold,yhold)
% title('VLE Ethanol')

% vaporfraction=fit1(liquidfraction);

p1 =         772;
p2 =       -3769;
p3 =        7804;
p4 =       -8931;
p5 =        6177;
p6 =       -2655;
p7 =       706.6;
p8 =      -113.2;
p9 =       10.75;
p10 =    0.008942;

x=liquidfraction;

vaporfraction = p1*x^9 + p2*x^8 + p3*x^7 + p4*x^6 + ...
                    p5*x^5 + p6*x^4 + p7*x^3 + p8*x^2 + p9*x + p10;
                


end